정점:3개, 실행 시간:519.0169174671173초
V0   V1   V2   cost
___________________
3    1    2    Cost:0 , (1, 1, 0, 1, 0, 1, 0, 0, 0, 0, 1, 0, 0, 0, 0)
3    1    0    Cost:0 , (1, 1, 0, 1, 0, 0, 0, 0, 0, 0, 0, 0, 0, 0, 0)
3    2    1    Cost:0 , (1, 0, 1, 1, 1, 0, 0, 0, 0, 0, 1, 0, 0, 0, 0)
3    2    0    Cost:0 , (1, 0, 1, 1, 0, 0, 0, 0, 0, 0, 0, 0, 0, 0, 0)
3    0    1    Cost:0 , (1, 0, 0, 1, 1, 0, 0, 0, 0, 0, 0, 0, 0, 0, 0)
3    0    2    Cost:0 , (1, 0, 0, 1, 0, 1, 0, 0, 0, 0, 0, 0, 0, 0, 0)
1    3    2    Cost:0 , (1, 0, 0, 1, 0, 0, 1, 0, 0, 0, 1, 0, 1, 0, 0)
1    3    0    Cost:0 , (1, 0, 0, 0, 0, 0, 1, 0, 0, 0, 1, 0, 0, 0, 0)
1    2    3    Cost:0 , (1, 0, 0, 1, 0, 0, 0, 1, 0, 0, 1, 0, 0, 0, 1)
1    2    0    Cost:0 , (1, 0, 0, 0, 0, 0, 0, 0, 0, 0, 0, 0, 0, 0, 0)
1    0    3    Cost:0 , (0, 0, 0, 1, 0, 0, 0, 1, 0, 0, 1, 0, 0, 0, 0)
1    0    2    Cost:0 , (0, 0, 0, 1, 0, 0, 0, 0, 0, 0, 0, 0, 0, 0, 0)
2    3    1    Cost:0 , (1, 0, 0, 1, 0, 0, 0, 0, 1, 0, 1, 1, 0, 0, 0)
2    3    0    Cost:0 , (1, 0, 0, 0, 0, 0, 0, 0, 1, 0, 1, 0, 0, 0, 0)
2    1    3    Cost:0 , (1, 0, 0, 1, 0, 0, 0, 0, 0, 1, 1, 0, 0, 1, 0)
2    1    0    Cost:0 , (1, 0, 0, 0, 0, 0, 0, 0, 0, 0, 0, 0, 0, 0, 0)
2    0    3    Cost:0 , (0, 0, 0, 1, 0, 0, 0, 0, 0, 1, 1, 0, 0, 0, 0)
2    0    1    Cost:0 , (0, 0, 0, 1, 0, 0, 0, 0, 0, 0, 0, 0, 0, 0, 0)
0    3    1    Cost:0 , (1, 0, 0, 0, 0, 0, 0, 0, 0, 0, 1, 1, 0, 0, 0)
0    3    2    Cost:0 , (1, 0, 0, 0, 0, 0, 0, 0, 0, 0, 1, 0, 1, 0, 0)
0    1    3    Cost:0 , (0, 0, 0, 1, 0, 0, 0, 0, 0, 0, 1, 0, 0, 1, 0)
0    1    2    Cost:0 , (0, 0, 0, 0, 0, 0, 0, 0, 0, 0, 1, 0, 0, 0, 0)
0    2    3    Cost:0 , (0, 0, 0, 1, 0, 0, 0, 0, 0, 0, 1, 0, 0, 0, 1)
0    2    1    Cost:0 , (0, 0, 0, 0, 0, 0, 0, 0, 0, 0, 1, 0, 0, 0, 0)
3    3    1    Cost:1 , (1, 1, 1, 1, 1, 0, 1, 0, 1, 0, 1, 1, 0, 0, 0)
3    3    2    Cost:1 , (1, 1, 1, 1, 0, 1, 1, 0, 1, 0, 1, 0, 1, 0, 0)
3    3    0    Cost:1 , (1, 1, 1, 1, 0, 0, 1, 0, 1, 0, 1, 0, 0, 0, 0)
3    1    3    Cost:1 , (1, 1, 0, 1, 1, 1, 0, 1, 0, 1, 1, 0, 0, 1, 0)
3    1    1    Cost:1 , (1, 1, 0, 1, 1, 0, 0, 0, 0, 0, 1, 0, 0, 0, 0)
3    2    3    Cost:1 , (1, 0, 1, 1, 1, 1, 0, 1, 0, 1, 1, 0, 0, 0, 1)
3    2    2    Cost:1 , (1, 0, 1, 1, 0, 1, 0, 0, 0, 0, 1, 0, 0, 0, 0)
3    0    3    Cost:1 , (1, 0, 0, 1, 1, 1, 0, 1, 0, 1, 1, 0, 0, 0, 0)
3    0    0    Cost:1 , (1, 0, 0, 1, 0, 0, 0, 0, 0, 0, 0, 0, 0, 0, 0)
1    3    3    Cost:1 , (1, 0, 0, 1, 0, 0, 1, 1, 0, 0, 1, 1, 1, 1, 1)
1    3    1    Cost:1 , (1, 0, 0, 1, 0, 0, 1, 0, 0, 0, 1, 1, 0, 0, 0)
1    1    3    Cost:1 , (1, 0, 0, 1, 0, 0, 0, 1, 0, 0, 1, 0, 0, 1, 0)
1    1    2    Cost:1 , (1, 0, 0, 1, 0, 0, 0, 0, 0, 0, 1, 0, 0, 0, 0)
1    1    0    Cost:1 , (1, 0, 0, 0, 0, 0, 0, 0, 0, 0, 0, 0, 0, 0, 0)
1    2    1    Cost:1 , (1, 0, 0, 1, 0, 0, 0, 0, 0, 0, 1, 0, 0, 0, 0)
1    2    2    Cost:1 , (1, 0, 0, 1, 0, 0, 0, 0, 0, 0, 1, 0, 0, 0, 0)
1    0    1    Cost:1 , (0, 0, 0, 1, 0, 0, 0, 0, 0, 0, 0, 0, 0, 0, 0)
1    0    0    Cost:1 , (0, 0, 0, 0, 0, 0, 0, 0, 0, 0, 0, 0, 0, 0, 0)
2    3    3    Cost:1 , (1, 0, 0, 1, 0, 0, 0, 0, 1, 1, 1, 1, 1, 1, 1)
2    3    2    Cost:1 , (1, 0, 0, 1, 0, 0, 0, 0, 1, 0, 1, 0, 1, 0, 0)
2    1    1    Cost:1 , (1, 0, 0, 1, 0, 0, 0, 0, 0, 0, 1, 0, 0, 0, 0)
2    1    2    Cost:1 , (1, 0, 0, 1, 0, 0, 0, 0, 0, 0, 1, 0, 0, 0, 0)
2    2    3    Cost:1 , (1, 0, 0, 1, 0, 0, 0, 0, 0, 1, 1, 0, 0, 0, 1)
2    2    1    Cost:1 , (1, 0, 0, 1, 0, 0, 0, 0, 0, 0, 1, 0, 0, 0, 0)
2    2    0    Cost:1 , (1, 0, 0, 0, 0, 0, 0, 0, 0, 0, 0, 0, 0, 0, 0)
2    0    2    Cost:1 , (0, 0, 0, 1, 0, 0, 0, 0, 0, 0, 0, 0, 0, 0, 0)
2    0    0    Cost:1 , (0, 0, 0, 0, 0, 0, 0, 0, 0, 0, 0, 0, 0, 0, 0)
0    3    3    Cost:1 , (1, 0, 0, 1, 0, 0, 0, 0, 0, 0, 1, 1, 1, 1, 1)
0    3    0    Cost:1 , (1, 0, 0, 0, 0, 0, 0, 0, 0, 0, 1, 0, 0, 0, 0)
0    1    1    Cost:1 , (0, 0, 0, 0, 0, 0, 0, 0, 0, 0, 1, 0, 0, 0, 0)
0    1    0    Cost:1 , (0, 0, 0, 0, 0, 0, 0, 0, 0, 0, 0, 0, 0, 0, 0)
0    2    2    Cost:1 , (0, 0, 0, 0, 0, 0, 0, 0, 0, 0, 1, 0, 0, 0, 0)
0    2    0    Cost:1 , (0, 0, 0, 0, 0, 0, 0, 0, 0, 0, 0, 0, 0, 0, 0)
0    0    3    Cost:1 , (0, 0, 0, 1, 0, 0, 0, 0, 0, 0, 1, 0, 0, 0, 0)
0    0    1    Cost:1 , (0, 0, 0, 0, 0, 0, 0, 0, 0, 0, 0, 0, 0, 0, 0)
0    0    2    Cost:1 , (0, 0, 0, 0, 0, 0, 0, 0, 0, 0, 0, 0, 0, 0, 0)
3    1    2    Cost:2 , (1, 0, 0, 1, 0, 1, 0, 0, 0, 0, 1, 0, 0, 0, 0)
3    1    0    Cost:2 , (1, 0, 0, 1, 0, 0, 0, 0, 0, 0, 0, 0, 0, 0, 0)
3    2    1    Cost:2 , (1, 0, 0, 1, 1, 0, 0, 0, 0, 0, 1, 0, 0, 0, 0)
3    2    0    Cost:2 , (1, 0, 0, 1, 0, 0, 0, 0, 0, 0, 0, 0, 0, 0, 0)
3    0    1    Cost:2 , (1, 0, 0, 1, 0, 0, 0, 0, 0, 0, 0, 0, 0, 0, 0)
3    0    2    Cost:2 , (1, 0, 0, 1, 0, 0, 0, 0, 0, 0, 0, 0, 0, 0, 0)
1    3    2    Cost:2 , (1, 0, 0, 1, 0, 0, 0, 0, 0, 0, 1, 0, 1, 0, 0)
1    3    0    Cost:2 , (1, 0, 0, 0, 0, 0, 0, 0, 0, 0, 1, 0, 0, 0, 0)
1    2    3    Cost:2 , (1, 0, 0, 1, 0, 0, 0, 0, 0, 0, 1, 0, 0, 0, 1)
1    2    0    Cost:2 , (1, 0, 0, 0, 0, 0, 0, 0, 0, 0, 0, 0, 0, 0, 1)
1    0    3    Cost:2 , (0, 0, 0, 1, 0, 0, 0, 0, 0, 0, 1, 0, 0, 0, 0)
1    0    2    Cost:2 , (0, 0, 0, 1, 0, 0, 0, 0, 0, 0, 0, 0, 0, 0, 1)
2    3    1    Cost:2 , (1, 0, 0, 1, 0, 0, 0, 0, 0, 0, 1, 1, 0, 0, 0)
2    3    0    Cost:2 , (1, 0, 0, 0, 0, 0, 0, 0, 0, 0, 1, 0, 0, 0, 0)
2    1    3    Cost:2 , (1, 0, 0, 1, 0, 0, 0, 0, 0, 0, 1, 0, 0, 1, 0)
2    1    0    Cost:2 , (1, 0, 0, 0, 0, 0, 0, 0, 0, 0, 0, 0, 0, 1, 0)
2    0    3    Cost:2 , (0, 0, 0, 1, 0, 0, 0, 0, 0, 0, 1, 0, 0, 0, 0)
2    0    1    Cost:2 , (0, 0, 0, 1, 0, 0, 0, 0, 0, 0, 0, 0, 0, 0, 1)
0    3    1    Cost:2 , (1, 0, 0, 0, 0, 0, 0, 0, 0, 0, 1, 0, 0, 0, 0)
0    3    2    Cost:2 , (1, 0, 0, 0, 0, 0, 0, 0, 0, 0, 1, 0, 0, 0, 0)
0    1    3    Cost:2 , (0, 0, 0, 1, 0, 0, 0, 0, 0, 0, 1, 0, 0, 0, 0)
0    1    2    Cost:2 , (0, 0, 0, 0, 0, 0, 0, 0, 0, 0, 1, 0, 0, 0, 1)
0    2    3    Cost:2 , (0, 0, 0, 1, 0, 0, 0, 0, 0, 0, 1, 0, 0, 0, 0)
0    2    1    Cost:2 , (0, 0, 0, 0, 0, 0, 0, 0, 0, 0, 1, 0, 0, 1, 0)
3    0    3    Cost:3 , (1, 0, 0, 1, 0, 1, 0, 1, 0, 1, 1, 0, 0, 0, 0)
3    0    0    Cost:3 , (1, 0, 0, 1, 0, 0, 0, 0, 0, 1, 0, 0, 0, 0, 0)
1    3    3    Cost:3 , (1, 0, 0, 1, 0, 0, 0, 1, 0, 0, 1, 1, 1, 1, 1)
1    3    1    Cost:3 , (1, 0, 0, 1, 0, 0, 0, 0, 0, 0, 1, 1, 0, 0, 0)
1    1    3    Cost:3 , (1, 0, 0, 1, 0, 0, 0, 0, 0, 0, 1, 0, 0, 1, 0)
1    1    1    Cost:3 , (1, 0, 0, 1, 0, 0, 0, 0, 0, 0, 1, 0, 0, 0, 0)
1    1    2    Cost:3 , (1, 0, 0, 1, 0, 0, 0, 0, 0, 0, 1, 0, 0, 0, 1)
1    1    0    Cost:3 , (1, 0, 0, 0, 0, 0, 0, 0, 0, 0, 0, 0, 0, 1, 0)
1    2    1    Cost:3 , (1, 0, 0, 1, 0, 0, 0, 0, 0, 0, 1, 0, 0, 1, 0)
1    2    2    Cost:3 , (1, 0, 0, 1, 0, 0, 0, 0, 0, 0, 1, 0, 0, 1, 0)
1    0    1    Cost:3 , (0, 0, 0, 1, 0, 0, 0, 0, 0, 0, 0, 0, 0, 0, 1)
1    0    0    Cost:3 , (0, 0, 0, 0, 0, 0, 0, 1, 0, 0, 0, 0, 0, 0, 0)
2    3    3    Cost:3 , (1, 0, 0, 1, 0, 0, 0, 0, 0, 1, 1, 1, 1, 1, 1)
2    3    2    Cost:3 , (1, 0, 0, 1, 0, 0, 0, 0, 0, 0, 1, 0, 1, 0, 0)
2    1    1    Cost:3 , (1, 0, 0, 1, 0, 0, 0, 0, 0, 0, 1, 0, 0, 0, 1)
2    1    2    Cost:3 , (1, 0, 0, 1, 0, 0, 0, 0, 0, 0, 1, 0, 0, 0, 1)
